000000
000002
000003
000004
000005
000007
000008
000009
000010
000011
000012
000013
000014
000015
000016
000017
000019
000020
000021
000023
000024
000026
000028
000029
000030
000031
000032
000033
000034
000036
000038
000039
000042
000043
000045
000046
000047
000048
000049
000050
000051
000052
000053
000054
000055
000056
000057
000058
000062
000063
000064
000066
000068
000069
000072
000073
000074
000075
000076
000077
000078
000079
000080
000081
000082
000083
000086
000088
000089
000093
000094
000095
000097
000100
000101
000103
000104
000105
000106
000109
000110
000112
000114
000115
000117
000118
000120
000121
000125
000126
000127
000128
000129
000131
000132
000133
000134
000135
000136
000137
000138
000140
000141
000142
000144
000146
000148
000149
000150
000153
000154
000155
000157
000158
000159
000160
000161
000163
000165
000166
000169
000170
000171
000172
000174
000175
000177
000178
000179
000180
000182
000184
000185
000186
000187
000188
000189
000190
000192
000193
000196
000197
000198
000199
000200
000201
000203
000204
000205
000206
000207
000208
000210
000211
000212
000215
000217
000218
000219
000220
000221
000222
000223
000225
000226
000227
000229
000230
000231
000232
000235
000236
000237
000238
000239
000240
000241
000242
000243
000244
000245
000246
000247
000248
000249
000251
000252
000254
000255
000257
000258
000259
000260
000261
000262
000263
000264
000265
000266
000267
000268
000269
000270
000273
000274
000275
000276
000277
000279
000280
000282
000284
000285
000288
000290
000291
000292
000294
000295
000297
000298
000299
000300
000301
000302
000303
000304
000305
000306
000307
000308
000309
000313
000315
000316
000317
000318
000319
000320
000322
000323
000325
000326
000329
000330
000331
000335
000336
000337
000339
000340
000342
000343
000344
000345
000346
000347
000348
000349
000351
000353
000354
000355
000356
000357
000358
000359
000360
000361
000362
000363
000364
000365
000366
000368
000369
000370
000371
000372
000373
000374
000375
000376
000378
000380
000381
000382
000383
000384
000385
000387
000389
000390
000391
000392
000393
000396
000397
000398
000399
000401
000402
000407
000408
000409
000410
000411
000413
000414
000415
000416
000417
000419
000420
000421
000422
000423
000424
000425
000426
000427
000428
000429
000430
000431
000432
000433
000434
000435
000436
000438
000439
000441
000442
000443
000444
000445
000446
000447
000448
000449
000451
000452
000453
000454
000455
000456
000458
000459
000460
000461
000462
000463
000464
000465
000466
000467
000468
000469
000470
000471
000472
000473
000474
000475
000476
000479
000480
000481
000482
000483
000484
000485
000486
000488
000489
000490
000491
000492
000493
000494
000495
000496
000497
000498
000499
000501
000504
000505
000506
000507
000508
000510
000511
000512
000514
000515
000516
000517
000518
000519
000520
000521
000522
000524
000525
000526
000527
000528
000530
000531
000532
000534
000535
000537
000538
000539
000540
000541
000542
000543
000545
000546
000548
000549
000550
000551
000552
000553
000554
000555
000556
000557
000558
000559
000560
000561
000562
000563
000564
000565
000566
000568
000569
000570
000571
000572
000573
000574
000575
000576
000579
000580
000581
000582
000583
000584
000585
000586
000588
000589
000590
000594
000595
000596
000597
000598
000599
000600
000602
000603
000604
000605
000606
000607
000608
000609
000610
000612
000614
000616
000617
000619
000620
000622
000624
000625
000627
000628
000629
000630
000632
000634
000636
000637
000639
000640
000642
000643
000644
000645
000646
000647
000648
000649
000651
000652
000653
000655
000656
000657
000658
000659
000660
000661
000663
000665
000666
000667
000668
000669
000670
000671
000672
000673
000675
000676
000677
000679
000681
000683
000684
000685
000687
000688
000689
000690
000692
000693
000694
000695
000696
000697
000698
000699
000700
000701
000702
000703
000705
000706
000707
000708
000709
000710
000711
000712
000713
000715
000717
000718
000719
000721
000722
000723
000724
000725
000726
000727
000728
000729
000732
000733
000734
000736
000737
000738
000739
000740
000741
000742
000744
000745
000747
000748
000749
000750
000751
000753
000756
000757
000758
000759
000760
000762
000763
000764
000765
000766
000767
000768
000769
000770
000771
000772
000774
000775
000777
000778
000780
000781
000783
000787
000788
000789
000791
000792
000793
000794
000795
000796
000799
000800
000802
000804
000806
000807
000808
000809
000811
000812
000813
000814
000815
000816
000817
000818
000819
000820
000821
000822
000823
000825
000826
000827
000828
000830
000831
000832
000833
000834
000835
000836
000837
000839
000840
000841
000842
000844
000846
000847
000848
000849
000850
000856
000857
000858
000859
000860
000861
000863
000864
000865
000866
000867
000868
000869
000871
000872
000873
000874
000876
000877
000878
000879
000880
000883
000884
000885
000886
000887
000888
000889
000890
000891
000892
000893
000894
000895
000896
000897
000898
000899
000900
000904
000906
000907
000908
000910
000912
000913
000914
000916
000917
000918
000919
000922
000923
000924
000926
000927
000928
000929
000931
000932
000933
000934
000935
000936
000937
000938
000939
000940
000941
000942
000943
000944
000945
000946
000947
000948
000949
000950
000951
000952
000953
000954
000955
000956
000958
000959
000960
000961
000962
000964
000965
000968
000969
000970
000971
000972
000973
000974
000975
000977
000978
000979
000980
000981
000982
000984
000986
000987
000988
000990
000991
000993
000994
000997
000998
001000
001001
001003
001004
001005
001006
001008
001012
001013
001014
001015
001016
001017
001018
001019
001020
001021
001022
001023
001025
001026
001027
001029
001030
001031
001032
001033
001034
001035
001036
001038
001041
001042
001043
001044
001045
001046
001047
001048
001049
001050
001051
001053
001054
001056
001057
001058
001059
001060
001061
001062
001063
001064
001065
001067
001069
001070
001071
001072
001073
001076
001077
001078
001079
001080
001081
001082
001083
001085
001086
001088
001089
001091
001092
001093
001094
001095
001097
001098
001099
001100
001101
001102
001103
001104
001105
001107
001108
001109
001111
001113
001114
001115
001118
001120
001122
001123
001124
001125
001126
001127
001128
001129
001130
001131
001132
001133
001134
001135
001136
001137
001139
001140
001141
001143
001144
001145
001146
001147
001148
001149
001150
001151
001153
001154
001156
001157
001158
001160
001161
001162
001165
001167
001169
001170
001171
001172
001173
001174
001176
001177
001178
001179
001180
001181
001182
001183
001184
001185
001187
001189
001190
001191
001192
001193
001194
001195
001196
001198
001199
001200
001201
001202
001203
001204
001206
001207
001208
001209
001210
001212
001213
001214
001215
001217
001218
001219
001220
001221
001222
001223
001224
001225
001227
001228
001229
001230
001231
001232
001233
001234
001235
001236
001237
001240
001241
001242
001244
001246
001247
001248
001250
001251
001252
001253
001254
001255
001256
001257
001259
001261
001262
001263
001264
001265
001266
001267
001268
001269
001270
001271
001272
001273
001274
001276
001278
001280
001282
001283
001285
001286
001287
001288
001289
001290
001292
001293
001294
001295
001296
001297
001299
001300
001301
001302
001303
001304
001305
001306
001307
001308
001309
001310
001311
001312
001313
001314
001317
001318
001319
001320
001321
001322
001323
001325
001326
001327
001328
001329
001330
001331
001332
001334
001335
001336
001338
001340
001341
001342
001343
001344
001345
001346
001347
001348
001350
001352
001353
001354
001355
001356
001357
001358
001359
001362
001365
001366
001369
001370
001371
001372
001374
001375
001377
001378
001379
001380
001381
001382
001383
001384
001385
001386
001388
001389
001390
001392
001393
001395
001396
001398
001399
001400
001401
001402
001403
001404
001405
001407
001408
001409
001410
001411
001413
001414
001416
001417
001418
001419
001420
001421
001423
001425
001426
001427
001428
001429
001430
001431
001432
001434
001435
001436
001437
001438
001439
001440
001441
001442
001444
001447
001449
001450
001451
001452
001453
001454
001455
001457
001461
001462
001463
001464
001465
001466
001467
001468
001469
001470
001471
001472
001473
001474
001475
001476
001477
001478
001479
001481
001483
001486
001487
001488
001489
001490
001492
001493
001494
001496
001498
001499
001501
001503
001505
001506
001507
001508
001509
001510
001511
001513
001516
001518
001519
001521
001522
001523
001524
001525
001526
001527
001528
001530
001531
001532
001533
001534
001535
001536
001537
001540
001541
001542
001544
001545
001546
001549
001550
001551
001554
001555
001556
001557
001558
001559
001560
001561
001562
001563
001565
001566
001567
001568
001569
001570
001571
001572
001574
001575
001576
001577
001579
001580
001582
001583
001584
001585
001586
001587
001588
001589
001590
001592
001594
001595
001596
001598
001600
001601
001602
001603
001604
001605
001607
001608
001609
001614
001615
001616
001617
001618
001620
001621
001623
001624
001625
001626
001627
001628
001629
001630
001631
001633
001634
001635
001636
001639
001640
001641
001642
001643
001644
001645
001646
001647
001650
001651
001652
001655
001656
001657
001659
001661
001664
001665
001667
001669
001670
001671
001673
001674
001675
001676
001677
001678
001679
001680
001681
001682
001683
001684
001685
001686
001687
001688
001690
001691
001692
001694
001695
001696
001697
001698
001699
001700
001701
001702
001703
001704
001706
001707
001708
001709
001710
001711
001714
001715
001716
001717
001718
001719
001720
001721
001722
001723
001725
001726
001727
001728
001729
001730
001731
001733
001734
001735
001737
001741
001742
001744
001746
001747
001749
001750
001751
001752
001753
001754
001755
001757
001758
001759
001760
001761
001762
001763
001765
001766
001769
001771
001772
001773
001774
001776
001777
001778
001779
001781
001782
001783
001785
001786
001789
001790
001791
001792
001793
001794
001795
001796
001797
001798
001799
001801
001802
001804
001805
001806
001807
001809
001810
001811
001812
001813
001814
001815
001816
001818
001819
001822
001824
001825
001826
001827
001828
001829
001831
001835
001836
001837
001838
001839
001840
001841
001842
001844
001845
001846
001847
001848
001850
001851
001852
001853
001854
001855
001857
001858
001861
001862
001863
001864
001866
001867
001868
001869
001870
001871
001872
001873
001874
001875
001876
001877
001878
001879
001880
001881
001882
001884
001885
001886
001888
001889
001890
001892
001894
001895
001896
001897
001898
001899
001900
001901
001902
001903
001904
001905
001907
001908
001909
001910
001911
001912
001913
001914
001915
001916
001918
001919
001920
001922
001923
001924
001926
001927
001928
001929
001931
001932
001933
001934
001935
001936
001937
001938
001939
001940
001941
001943
001944
001945
001946
001948
001949
001950
001953
001954
001955
001956
001957
001958
001959
001960
001961
001962
001963
001964
001965
001967
001968
001969
001970
001971
001972
001973
001974
001975
001977
001978
001980
001981
001982
001983
001984
001985
001986
001987
001988
001989
001990
001992
001993
001994
001995
001996
001997
001998
001999
002000
002001
002002
002003
002004
002005
002006
002007
002008
002009
002010
002011
002013
002015
002016
002018
002019
002020
002021
002023
002025
002026
002027
002028
002029
002030
002032
002033
002035
002036
002037
002038
002041
002043
002044
002046
002048
002049
002051
002052
002053
002056
002057
002058
002059
002061
002063
002064
002065
002066
002067
002068
002069
002070
002075
002076
002077
002080
002081
002082
002083
002084
002086
002087
002088
002091
002092
002093
002094
002095
002096
002098
002099
002100
002102
002103
002104
002105
002106
002107
002108
002109
002110
002111
002112
002115
002116
002117
002118
002119
002120
002123
002124
002126
002127
002128
002129
002131
002132
002134
002136
002137
002138
002139
002140
002141
002142
002144
002145
002146
002147
002149
002150
002152
002153
002155
002156
002157
002159
002160
002162
002163
002165
002166
002167
002168
002169
002170
002171
002172
002173
002174
002175
002176
002180
002181
002183
002184
002185
002186
002187
002188
002189
002190
002191
002192
002193
002194
002195
002197
002198
002199
002200
002201
002202
002203
002206
002207
002208
002209
002211
002212
002216
002217
002218
002219
002220
002221
002222
002224
002225
002226
002228
002229
002230
002231
002232
002234
002235
002236
002237
002238
002239
002240
002241
002243
002245
002247
002248
002249
002250
002251
002252
002253
002254
002255
002257
002258
002259
002260
002261
002262
002263
002264
002265
002266
002267
002269
002271
002276
002277
002278
002279
002280
002281
002282
002283
002284
002285
002286
002289
002290
002291
002293
002294
002296
002298
002299
002300
002301
002302
002303
002304
002306
002307
002308
002309
002311
002312
002314
002316
002317
002318
002320
002321
002322
002324
002325
002326
002327
002328
002329
002330
002331
002332
002334
002335
002336
002337
002338
002339
002340
002341
002343
002344
002345
002346
002347
002348
002350
002351
002353
002354
002356
002357
002358
002359
002360
002361
002364
002365
002366
002367
002369
002370
002371
002372
002373
002374
002376
002377
002378
002379
002382
002383
002384
002385
002386
002387
002388
002390
002391
002392
002393
002394
002395
002396
002398
002399
002400
002401
002402
002403
002404
002405
002406
002407
002408
002410
002411
002412
002414
002415
002416
002417
002418
002419
002420
002421
002422
002423
002424
002426
002430
002431
002432
002433
002434
002435
002436
002437
002438
002440
002442
002443
002444
002445
002446
002450
002451
002452
002453
002455
002456
002457
002458
002459
002460
002461
002462
002463
002464
002465
002466
002467
002468
002469
002470
002471
002472
002473
002474
002475
002476
002477
002478
002480
002482
002483
002485
002486
002487
002488
002489
002491
002493
002494
002495
002497
002498
002499
002500
002501
002503
002504
002505
002507
002508
002509
002510
002511
002513
002515
002516
002519
002520
002522
002523
002524
002525
002526
002527
002530
002531
002532
002533
002535
002536
002540
002541
002542
002545
002547
002548
002549
002550
002551
002552
002553
002554
002555
002556
002557
002559
002560
002561
002562
002563
002564
002565
002566
002567
002569
002570
002571
002572
002573
002574
002575
002576
002577
002579
002580
002581
002583
002584
002585
002587
002589
002590
002591
002593
002594
002595
002597
002598
002599
002600
002602
002603
002604
002605
002606
002608
002609
002610
002611
002612
002613
002614
002615
002617
002618
002619
002620
002621
002622
002623
002626
002627
002628
002629
002630
002631
002632
002633
002634
002636
002637
002638
002639
002640
002641
002643
002644
002645
002646
002647
002648
002649
002650
002651
002652
002654
002655
002656
002657
002658
002659
002660
002661
002662
002663
002665
002666
002667
002668
002669
002670
002672
002673
002674
002675
002676
002677
002679
002680
002681
002682
002683
002684
002685
002686
002687
002689
002690
002691
002692
002693
002695
002696
002697
002699
002700
002701
002702
002703
002704
002705
002706
002707
002708
002709
002710
002711
002712
002713
002714
002715
002716
002717
002718
002719
002720
002721
002723
002726
002727
002728
002730
002732
002733
002736
002738
002739
002740
002741
002742
002744
002745
002746
002748
002751
002753
002755
002756
002757
002758
002759
002760
002761
002762
002763
002764
002765
002767
002769
002770
002771
002773
002774
002775
002776
002777
002779
002780
002781
002782
002783
002784
002785
002786
002787
002788
002789
002790
002791
002792
002793
002794
002795
002796
002797
002798
002799
002802
002803
002804
002805
002806
002807
002808
002809
002810
002811
002812
002813
002814
002815
002816
002817
002820
002821
002822
002824
002825
002826
002827
002828
002829
002830
002831
002832
002833
002834
002835
002837
002839
002840
002841
002842
002844
002845
002846
002847
002848
002849
002850
002851
002852
002853
002854
002855
002856
002857
002859
002860
002861
002862
002863
002864
002865
002866
002867
002868
002869
002870
002871
002872
002873
002874
002875
002876
002879
002880
002881
002882
002883
002885
002886
002888
002889
002890
002891
002893
002894
002895
002896
002897
002898
002899
002900
002901
002902
002903
002906
002907
002908
002910
002911
002912
002913
002914
002915
002916
002917
002918
002919
002920
002921
002922
002924
002925
002927
002930
002931
002932
002933
002934
002936
002937
002938
002939
002940
002941
002943
002944
002945
002946
002948
002950
002951
002952
002953
002954
002956
002957
002958
002959
002960
002961
002962
002963
002964
002965
002966
002967
002968
002969
002970
002971
002972
002973
002975
002976
002977
002978
002979
002981
002983
002984
002985
002986
002987
002988
002989
002990
002991
002992
002993
002995
002996
002997
002998
002999
003000
003001
003002
003003
003004
003005
003006
003007
003009
003010
003011
003012
003013
003014
003015
003017
003018
003019
003020
003021
003022
003023
003024
003025
003026
003027
003028
003029
003031
003032
003033
003034
003035
003036
003037
003038
003039
003040
003041
003043
003045
003046
003047
003049
003050
003052
003054
003055
003056
003057
003058
003059
003060
003062
003063
003064
003065
003066
003067
003069
003070
003071
003072
003074
003075
003077
003078
003080
003081
003082
003083
003084
003085
003086
003087
003088
003089
003090
003092
003093
003097
003098
003100
003101
003102
003103
003104
003105
003106
003107
003108
003109
003110
003111
003112
003113
003114
003116
003117
003118
003119
003120
003121
003122
003123
003124
003125
003126
003127
003128
003129
003133
003134
003135
003136
003137
003140
003141
003142
003143
003144
003145
003146
003147
003148
003149
003151
003152
003153
003154
003155
003157
003158
003159
003161
003162
003163
003164
003166
003167
003168
003169
003170
003171
003173
003175
003176
003177
003178
003181
003182
003183
003184
003185
003187
003188
003190
003191
003192
003194
003196
003198
003199
003200
003201
003202
003203
003204
003205
003206
003207
003210
003212
003213
003214
003215
003216
003217
003218
003219
003221
003222
003223
003224
003226
003227
003228
003229
003232
003233
003235
003236
003237
003238
003240
003241
003242
003243
003244
003246
003247
003248
003249
003250
003251
003252
003253
003254
003255
003256
003257
003258
003259
003260
003261
003262
003264
003265
003266
003267
003268
003271
003272
003273
003274
003276
003278
003280
003281
003282
003283
003285
003286
003288
003289
003290
003291
003292
003293
003294
003295
003296
003297
003298
003299
003301
003302
003303
003304
003305
003307
003308
003309
003311
003312
003313
003314
003317
003318
003319
003320
003321
003322
003323
003325
003326
003327
003329
003330
003331
003332
003333
003334
003335
003336
003338
003339
003342
003343
003344
003345
003346
003347
003348
003349
003350
003351
003352
003354
003355
003356
003358
003359
003360
003361
003362
003365
003367
003368
003369
003371
003372
003373
003374
003375
003376
003377
003378
003380
003381
003382
003383
003384
003385
003387
003388
003389
003390
003392
003393
003394
003395
003397
003398
003399
003401
003402
003403
003404
003405
003406
003407
003408
003409
003410
003412
003417
003418
003420
003421
003422
003423
003424
003425
003426
003427
003428
003429
003430
003431
003432
003433
003434
003435
003436
003437
003438
003439
003440
003441
003443
003444
003445
003447
003448
003449
003450
003452
003453
003455
003456
003458
003459
003460
003462
003463
003464
003465
003466
003467
003468
003469
003470
003472
003473
003474
003475
003476
003477
003479
003480
003481
003482
003485
003486
003490
003491
003492
003493
003494
003495
003496
003497
003499
003502
003503
003504
003506
003507
003509
003510
003511
003512
003513
003514
003515
003516
003517
003518
003519
003520
003521
003522
003523
003524
003525
003526
003527
003528
003529
003530
003531
003533
003534
003535
003537
003538
003539
003540
003544
003545
003547
003549
003550
003551
003552
003554
003555
003557
003558
003559
003560
003561
003562
003563
003564
003566
003567
003568
003569
003570
003572
003573
003574
003575
003576
003577
003579
003580
003581
003582
003583
003585
003586
003587
003588
003589
003590
003591
003592
003593
003594
003595
003597
003598
003599
003600
003601
003602
003603
003604
003605
003606
003608
003609
003610
003611
003612
003613
003614
003615
003617
003618
003619
003620
003621
003622
003623
003624
003625
003626
003627
003628
003629
003630
003631
003632
003633
003634
003636
003638
003639
003640
003642
003643
003644
003645
003646
003647
003648
003649
003650
003651
003652
003653
003654
003655
003657
003658
003659
003660
003661
003662
003663
003665
003666
003667
003669
003670
003671
003672
003673
003674
003675
003676
003677
003678
003679
003680
003681
003682
003683
003684
003685
003686
003687
003688
003689
003690
003692
003693
003694
003695
003696
003698
003699
003700
003701
003702
003703
003704
003706
003708
003709
003711
003712
003713
003714
003715
003716
003717
003719
003720
003722
003723
003724
003725
003726
003727
003729
003730
003731
003732
003734
003735
003736
003738
003739
003740
003741
003742
003743
003744
003745
003746
003747
003748
003749
003750
003751
003752
003754
003755
003757
003758
003759
003760
003762
003763
003764
003765
003766
003767
003768
003769
003770
003772
003773
003774
003775
003776
003777
003778
003779
003780
003781
003782
003783
003784
003785
003786
003787
003788
003789
003790
003791
003792
003793
003794
003796
003798
003799
003800
003801
003802
003803
003804
003805
003806
003807
003808
003809
003810
003811
003812
003815
003816
003817
003819
003820
003821
003823
003824
003825
003826
003827
003828
003829
003831
003833
003834
003835
003836
003837
003838
003839
003840
003841
003842
003843
003844
003845
003846
003847
003849
003850
003851
003852
003853
003854
003855
003857
003858
003859
003860
003862
003863
003865
003866
003867
003868
003869
003870
003872
003873
003874
003876
003878
003879
003880
003881
003882
003885
003886
003887
003888
003889
003890
003891
003892
003893
003894
003895
003896
003898
003899
003900
003901
003902
003903
003905
003906
003907
003908
003909
003911
003912
003913
003914
003915
003916
003917
003918
003920
003921
003922
003923
003924
003925
003927
003928
003930
003931
003932
003934
003935
003936
003937
003938
003939
003940
003943
003944
003945
003946
003947
003949
003950
003952
003953
003954
003955
003956
003957
003958
003959
003960
003962
003966
003967
003968
003969
003970
003973
003975
003976
003978
003979
003980
003981
003982
003983
003984
003985
003986
003987
003988
003989
003993
003994
003996
003997
003999
004000
004001
004002
004003
004004
004005
004008
004009
004010
004011
004012
004013
004014
004015
004016
004017
004018
004019
004020
004021
004022
004023
004025
004026
004027
004028
004031
004032
004034
004035
004036
004039
004042
004044
004045
004046
004047
004049
004050
004051
004052
004054
004055
004057
004058
004059
004060
004061
004062
004063
004064
004065
004066
004068
004069
004070
004071
004072
004073
004074
004075
004076
004077
004079
004081
004082
004083
004084
004085
004087
004088
004089
004090
004091
004092
004093
004094
004095
004096
004098
004099
004100
004101
004102
004103
004104
004105
004106
004107
004108
004109
004110
004112
004113
004114
004116
004117
004119
004122
004124
004125
004127
004128
004129
004130
004133
004135
004136
004138
004139
004140
004141
004142
004143
004144
004146
004147
004148
004150
004152
004153
004154
004155
004156
004158
004159
004160
004161
004162
004163
004165
004166
004167
004168
004170
004171
004172
004173
004174
004175
004176
004177
004178
004180
004181
004183
004184
004186
004187
004189
004190
004191
004192
004194
004195
004197
004199
004200
004203
004204
004205
004206
004207
004209
004211
004213
004214
004215
004216
004217
004218
004219
004221
004222
004223
004224
004226
004227
004230
004231
004232
004233
004234
004236
004238
004239
004240
004241
004242
004243
004244
004246
004247
004248
004249
004250
004251
004252
004253
004254
004257
004258
004259
004261
004262
004263
004264
004266
004267
004268
004270
004271
004272
004273
004274
004275
004276
004277
004278
004280
004282
004284
004286
004287
004288
004289
004290
004292
004293
004294
004295
004296
004297
004298
004299
004300
004302
004304
004306
004308
004309
004310
004311
004312
004313
004316
004317
004318
004319
004320
004321
004322
004323
004324
004325
004326
004327
004328
004329
004330
004331
004332
004333
004334
004335
004336
004337
004338
004339
004341
004344
004345
004346
004347
004348
004349
004350
004351
004352
004353
004354
004355
004357
004358
004359
004360
004361
004362
004363
004364
004365
004367
004368
004370
004371
004373
004374
004375
004376
004377
004378
004379
004380
004381
004382
004383
004384
004386
004387
004388
004389
004390
004391
004392
004393
004395
004396
004397
004398
004400
004401
004402
004403
004404
004405
004406
004407
004408
004409
004410
004412
004415
004416
004417
004418
004419
004421
004423
004424
004425
004426
004427
004428
004431
004432
004433
004434
004435
004436
004437
004438
004440
004441
004442
004444
004445
004446
004448
004449
004450
004451
004452
004453
004455
004457
004459
004460
004461
004462
004463
004464
004465
004466
004467
004468
004469
004470
004472
004473
004474
004475
004476
004477
004478
004479
004481
004482
004483
004485
004486
004487
004488
004490
004492
004493
004494
004495
004496
004498
004499
004500
004502
004503
004504
004505
004506
004507
004508
004509
004510
004511
004512
004513
004514
004515
004516
004518
004519
004520
004521
004522
004523
004524
004525
004526
004527
004528
004529
004531
004532
004533
004534
004535
004536
004537
004538
004539
004540
004541
004542
004543
004546
004548
004550
004551
004552
004553
004554
004555
004556
004557
004558
004559
004560
004561
004562
004563
004564
004565
004566
004567
004569
004570
004571
004574
004575
004576
004577
004578
004580
004583
004584
004586
004587
004589
004590
004591
004592
004594
004595
004596
004597
004598
004599
004600
004601
004602
004604
004605
004609
004610
004611
004612
004613
004615
004616
004617
004618
004619
004620
004621
004623
004624
004625
004626
004627
004628
004630
004632
004634
004635
004636
004637
004639
004640
004643
004644
004646
004647
004648
004649
004650
004651
004652
004653
004655
004656
004657
004658
004659
004660
004661
004662
004663
004666
004668
004671
004672
004673
004674
004675
004676
004677
004678
004680
004682
004683
004684
004685
004686
004687
004688
004689
004690
004691
004693
004694
004695
004696
004697
004699
004701
004702
004703
004705
004706
004708
004709
004710
004712
004713
004714
004715
004716
004717
004719
004720
004723
004724
004725
004726
004727
004728
004729
004730
004731
004732
004733
004734
004735
004736
004737
004738
004739
004740
004741
004742
004744
004746
004747
004748
004749
004750
004751
004752
004753
004754
004755
004756
004757
004758
004759
004761
004762
004763
004764
004765
004766
004768
004770
004771
004772
004773
004774
004775
004776
004777
004778
004779
004780
004781
004782
004784
004785
004786
004788
004789
004790
004793
004794
004795
004798
004799
004800
004803
004804
004805
004807
004808
004809
004811
004812
004813
004814
004815
004816
004817
004818
004819
004820
004821
004823
004824
004826
004827
004828
004829
004830
004831
004833
004834
004835
004836
004837
004838
004839
004840
004841
004842
004843
004844
004846
004847
004848
004850
004851
004852
004853
004855
004856
004857
004858
004859
004860
004861
004862
004863
004864
004866
004867
004870
004871
004873
004874
004875
004876
004877
004878
004880
004881
004882
004883
004884
004885
004886
004887
004888
004889
004891
004892
004893
004894
004897
004898
004899
004900
004901
004903
004905
004906
004907
004908
004909
004910
004911
004912
004913
004914
004915
004916
004917
004918
004919
004920
004921
004922
004923
004924
004925
004926
004927
004929
004930
004931
004934
004935
004936
004937
004939
004941
004943
004944
004945
004946
004947
004948
004950
004951
004952
004953
004954
004956
004957
004958
004959
004960
004961
004962
004963
004964
004965
004966
004967
004968
004969
004970
004972
004973
004974
004975
004976
004977
004980
004981
004982
004983
004986
004987
004988
004989
004990
004991
004992
004993
004994
004995
004996
004997
004998
004999
005001
005004
005005
005007
005008
005010
005011
005012
005013
005014
005015
005016
005018
005019
005020
005021
005022
005023
005024
005026
005027
005028
005030
005031
005033
005034
005036
005037
005038
005039
005040
005041
005042
005043
005044
005045
005046
005047
005049
005051
005053
005054
005055
005057
005058
005060
005061
005062
005063
005065
005066
005067
005071
005072
005073
005075
005076
005077
005078
005079
005080
005081
005082
005083
005084
005085
005086
005087
005088
005089
005091
005092
005093
005095
005096
005097
005098
005099
005100
005102
005104
005105
005108
005109
005110
005111
005112
005114
005115
005116
005117
005118
005119
005120
005121
005122
005123
005124
005125
005126
005127
005128
005129
005131
005132
005133
005134
005135
005137
005138
005139
005140
005142
005143
005144
005146
005147
005149
005151
005152
005153
005154
005155
005156
005157
005158
005159
005161
005162
005165
005167
005168
005169
005170
005172
005173
005175
005176
005177
005178
005181
005182
005183
005185
005186
005187
005188
005190
005191
005192
005195
005196
005197
005199
005200
005201
005204
005205
005206
005207
005208
005209
005210
005212
005214
005215
005216
005217
005218
005219
005220
005221
005222
005223
005224
005225
005226
005228
005229
005230
005231
005232
005233
005234
005235
005236
005238
005239
005240
005242
005243
005244
005248
005249
005250
005251
005252
005253
005255
005256
005257
005258
005262
005264
005265
005266
005267
005268
005269
005270
005271
005272
005273
005275
005276
005278
005279
005280
005281
005282
005283
005285
005286
005287
005288
005289
005290
005291
005292
005293
005294
005297
005298
005299
005302
005303
005304
005305
005306
005307
005308
005309
005310
005311
005312
005313
005314
005315
005316
005317
005318
005319
005321
005323
005324
005325
005326
005327
005328
005329
005332
005333
005334
005335
005336
005337
005339
005341
005342
005343
005344
005345
005346
005347
005348
005349
005351
005352
005353
005354
005356
005357
005358
005359
005360
005361
005362
005363
005364
005365
005367
005368
005369
005372
005373
005374
005376
005377
005378
005379
005381
005382
005384
005385
005387
005388
005391
005392
005393
005394
005395
005396
005397
005398
005399
005400
005401
005402
005403
005404
005405
005406
005407
005408
005409
005410
005411
005413
005414
005415
005416
005417
005419
005420
005421
005422
005424
005425
005427
005428
005429
005430
005431
005432
005434
005435
005436
005437
005438
005439
005441
005442
005443
005444
005445
005446
005447
005448
005450
005452
005454
005455
005456
005457
005458
005459
005461
005462
005463
005464
005465
005466
005467
005468
005471
005472
005473
005474
005477
005478
005479
005480
005481
005483
005484
005485
005486
005487
005488
005489
005490
005491
005492
005493
005494
005496
005497
005498
005499
005500
005501
005502
005505
005506
005507
005508
005509
005510
005511
005512
005513
005514
005515
005516
005517
005518
005519
005520
005521
005523
005524
005525
005526
005527
005528
005529
005530
005531
005533
005534
005537
005540
005542
005543
005544
005545
005546
005547
005548
005549
005550
005552
005554
005555
005556
005558
005559
005560
005561
005562
005563
005565
005566
005567
005568
005569
005572
005573
005574
005575
005576
005577
005578
005579
005582
005583
005584
005585
005586
005587
005588
005589
005590
005591
005594
005595
005596
005597
005598
005599
005600
005601
005602
005605
005606
005607
005608
005609
005612
005613
005615
005616
005617
005618
005620
005623
005624
005625
005626
005627
005628
005629
005631
005632
005633
005634
005635
005636
005637
005639
005640
005641
005643
005647
005648
005649
005650
005651
005652
005653
005654
005655
005656
005657
005658
005659
005660
005661
005662
005664
005665
005666
005667
005668
005672
005673
005674
005676
005678
005679
005680
005681
005682
005683
005684
005685
005686
005687
005689
005690
005691
005694
005695
005697
005698
005699
005700
005701
005703
005704
005705
005706
005710
005711
005713
005715
005716
005717
005719
005720
005721
005722
005723
005724
005725
005726
005727
005728
005730
005731
005732
005733
005735
005738
005739
005742
005743
005744
005745
005746
005747
005748
005749
005750
005752
005753
005754
005755
005757
005758
005759
005760
005761
005763
005764
005765
005766
005767
005768
005769
005771
005772
005773
005774
005775
005777
005778
005780
005783
005784
005785
005786
005788
005790
005791
005792
005793
005794
005795
005797
005798
005799
005800
005801
005802
005803
005804
005805
005806
005807
005808
005810
005811
005814
005815
005816
005819
005824
005826
005827
005829
005830
005831
005833
005834
005835
005836
005837
005839
005840
005841
005842
005845
005846
005848
005849
005850
005851
005852
005853
005854
005856
005857
005859
005860
005863
005864
005865
005867
005869
005870
005872
005873
005874
005875
005876
005877
005878
005879
005880
005881
005882
005883
005884
005885
005886
005887
005888
005889
005890
005891
005892
005893
005895
005896
005897
005898
005900
005901
005903
005904
005905
005908
005910
005913
005914
005915
005916
005918
005922
005923
005925
005926
005927
005929
005930
005931
005932
005933
005934
005935
005936
005937
005938
005939
005940
005941
005942
005943
005944
005945
005946
005947
005949
005951
005953
005954
005955
005957
005959
005960
005962
005963
005964
005965
005966
005968
005969
005970
005971
005972
005973
005974
005975
005976
005977
005979
005980
005981
005982
005983
005984
005985
005986
005987
005988
005989
005990
005994
005995
005996
005997
005998
005999
006000
006001
006005
006006
006007
006008
006009
006011
006012
006013
006014
006016
006017
006018
006019
006020
006021
006022
006023
006024
006025
006027
006028
006030
006032
006033
006034
006035
006036
006037
006038
006039
006041
006042
006043
006044
006046
006048
006049
006050
006053
006054
006055
006056
006057
006058
006059
006060
006062
006063
006064
006065
006066
006067
006068
006069
006070
006072
006073
006074
006075
006076
006077
006078
006080
006081
006082
006083
006084
006085
006086
006087
006088
006089
006090
006092
006093
006095
006096
006098
006099
006100
006102
006103
006105
006106
006107
006108
006109
006110
006111
006112
006113
006114
006115
006116
006117
006119
006120
006122
006123
006124
006127
006128
006129
006130
006132
006135
006136
006137
006138
006139
006142
006143
006144
006145
006146
006147
006148
006149
006150
006151
006153
006154
006156
006157
006158
006159
006160
006161
006163
006164
006165
006166
006168
006169
006170
006171
006172
006173
006174
006176
006177
006178
006179
006181
006182
006184
006185
006186
006187
006188
006189
006190
006191
006192
006193
006194
006195
006196
006198
006199
006200
006201
006202
006203
006204
006205
006206
006208
006210
006212
006214
006215
006216
006219
006220
006221
006222
006223
006224
006225
006227
006228
006229
006230
006231
006233
006234
006235
006236
006237
006238
006239
006240
006241
006242
006243
006244
006245
006246
006247
006248
006249
006250
006251
006253
006254
006255
006256
006257
006259
006261
006262
006265
006266
006268
006269
006270
006271
006273
006275
006276
006278
006279
006280
006282
006283
006284
006285
006286
006287
006288
006290
006292
006293
006294
006295
006296
006297
006298
006299
006300
006302
006303
006304
006305
006306
006308
006309
006310
006312
006313
006314
006315
006317
006318
006319
006320
006322
006323
006324
006325
006326
006327
006328
006329
006330
006331
006332
006333
006335
006337
006338
006339
006341
006342
006344
006345
006346
006348
006349
006350
006351
006352
006355
006356
006357
006358
006359
006360
006363
006364
006365
006366
006367
006368
006369
006370
006371
006372
006373
006374
006375
006376
006377
006378
006380
006381
006383
006384
006386
006389
006390
006391
006392
006393
006394
006395
006397
006398
006399
006400
006401
006402
006403
006404
006405
006406
006407
006408
006409
006410
006411
006413
006414
006415
006416
006417
006418
006420
006421
006422
006423
006424
006425
006427
006428
006429
006430
006431
006433
006434
006435
006436
006437
006438
006439
006440
006441
006442
006443
006444
006446
006447
006448
006449
006450
006451
006452
006453
006454
006455
006457
006458
006459
006461
006462
006463
006464
006465
006466
006467
006468
006469
006470
006472
006473
006474
006475
006477
006478
006480
006481
006483
006484
006486
006487
006488
006489
006490
006491
006493
006495
006496
006498
006499
006502
006503
006504
006505
006506
006508
006509
006511
006512
006514
006515
006516
006517
006518
006519
006521
006522
006523
006524
006525
006527
006528
006529
006530
006531
006533
006534
006535
006538
006539
006540
006542
006544
006545
006546
006548
006549
006551
006552
006553
006554
006555
006558
006559
006560
006561
006565
006566
006567
006568
006569
006570
006571
006573
006574
006575
006576
006577
006578
006579
006580
006581
006582
006583
006585
006586
006587
006588
006589
006590
006591
006592
006593
006594
006595
006596
006597
006598
006599
006600
006601
006602
006603
006604
006605
006606
006607
006608
006609
006610
006611
006612
006613
006614
006615
006616
006617
006618
006619
006620
006621
006622
006623
006624
006625
006626
006628
006629
006630
006631
006632
006633
006635
006636
006637
006638
006639
006640
006641
006642
006644
006645
006646
006647
006649
006650
006651
006652
006653
006654
006655
006656
006657
006658
006659
006661
006662
006663
006664
006665
006666
006667
006668
006669
006670
006673
006674
006676
006678
006679
006680
006682
006683
006684
006685
006686
006687
006688
006689
006690
006691
006692
006693
006694
006695
006696
006697
006698
006699
006700
006701
006703
006704
006706
006707
006709
006710
006711
006714
006715
006717
006718
006720
006721
006722
006723
006724
006726
006728
006729
006730
006731
006732
006733
006735
006736
006737
006738
006739
006740
006742
006743
006744
006745
006746
006747
006748
006749
006750
006752
006753
006755
006756
006757
006758
006760
006761
006762
006764
006765
006766
006767
006768
006769
006770
006771
006772
006773
006774
006775
006776
006777
006778
006779
006780
006781
006782
006784
006785
006787
006788
006789
006790
006791
006792
006793
006794
006795
006796
006797
006798
006799
006801
006802
006804
006805
006807
006810
006811
006812
006813
006814
006815
006817
006818
006819
006822
006823
006824
006828
006829
006830
006831
006833
006834
006837
006838
006839
006841
006842
006843
006844
006845
006846
006848
006849
006851
006852
006853
006856
006858
006859
006860
006862
006863
006865
006867
006868
006872
006875
006876
006877
006878
006879
006880
006882
006883
006884
006885
006886
006888
006889
006891
006893
006894
006896
006897
006898
006900
006901
006902
006903
006904
006905
006906
006907
006908
006909
006910
006911
006912
006913
006915
006916
006919
006920
006921
006922
006923
006924
006925
006926
006927
006928
006929
006930
006931
006932
006933
006935
006936
006937
006938
006939
006940
006941
006942
006943
006944
006947
006948
006949
006950
006951
006952
006953
006954
006955
006956
006958
006959
006962
006963
006964
006965
006966
006969
006971
006972
006974
006975
006976
006977
006978
006980
006981
006982
006983
006984
006985
006986
006987
006989
006990
006992
006994
006995
006996
006997
006998
007000
007003
007004
007005
007006
007008
007009
007010
007011
007012
007013
007014
007018
007019
007020
007025
007026
007028
007030
007031
007032
007033
007034
007035
007037
007038
007039
007040
007041
007042
007043
007044
007045
007046
007048
007049
007050
007051
007054
007055
007056
007058
007059
007060
007062
007063
007064
007065
007066
007068
007069
007071
007072
007073
007074
007075
007076
007077
007079
007080
007081
007082
007083
007086
007087
007088
007090
007091
007092
007094
007095
007097
007098
007099
007101
007102
007103
007104
007105
007106
007107
007108
007109
007110
007111
007112
007113
007114
007116
007117
007118
007119
007121
007122
007123
007124
007125
007127
007128
007129
007130
007131
007133
007135
007136
007137
007138
007140
007142
007143
007146
007148
007149
007150
007151
007152
007153
007156
007158
007159
007160
007162
007163
007164
007166
007167
007168
007169
007170
007171
007173
007174
007175
007176
007177
007178
007179
007180
007182
007184
007185
007187
007188
007189
007190
007192
007195
007196
007198
007199
007200
007201
007202
007203
007204
007205
007206
007207
007208
007209
007210
007211
007212
007213
007214
007216
007217
007218
007219
007220
007221
007223
007224
007225
007227
007228
007229
007230
007231
007232
007233
007234
007235
007236
007237
007238
007239
007241
007242
007244
007246
007247
007248
007249
007250
007251
007252
007253
007254
007257
007258
007259
007260
007261
007262
007263
007264
007265
007266
007267
007268
007269
007270
007271
007273
007274
007276
007279
007280
007281
007282
007283
007284
007285
007286
007288
007289
007290
007291
007292
007293
007295
007297
007298
007299
007301
007302
007303
007304
007305
007306
007307
007308
007310
007311
007312
007313
007314
007317
007318
007319
007320
007322
007323
007324
007325
007326
007327
007328
007329
007331
007332
007333
007336
007337
007339
007340
007341
007342
007343
007344
007345
007346
007347
007348
007349
007351
007352
007353
007354
007355
007357
007360
007361
007362
007363
007364
007365
007367
007368
007369
007370
007371
007372
007373
007374
007375
007376
007377
007379
007380
007384
007386
007387
007388
007389
007390
007391
007392
007393
007394
007395
007396
007397
007398
007399
007400
007404
007405
007406
007407
007408
007409
007411
007412
007413
007414
007415
007416
007417
007418
007419
007420
007421
007422
007423
007424
007425
007426
007427
007428
007429
007430
007431
007432
007433
007434
007438
007440
007441
007442
007443
007445
007446
007448
007449
007450
007452
007453
007454
007455
007456
007457
007458
007459
007460
007464
007466
007467
007468
007470
007472
007473
007475
007476
007477
007479
007480
